41
72529
86816
59251
30814
55449
2357
96264
88578
4535
76622
38683
76929
7696
31383
69906
76339
29788
25296
90386
24656
78974
62816
26413
50786
85549
13998
1
99624
50179
99333
41041
39060
86148
291
86225
57948
2647
82488
62877
23534
59109
1560
16814
83156
32942
3072
59494
62729
28367
66231
87384
7340
29046
30148
58125
100000
44146
91010
30570
10676
90342
71610
49735
92841
71900
52311
67141
90898
51150
30017
30783
10259
47928
47597
9766
80869
99999
69260
59950
95386
51842
63685
2726
80888
93833
77202
11834
54330
84564
58755
81357
74905
30364
31092
84098
18615
99754
67590
9512
